<?xml version="1.0"?>
<opencv_storage>
<leftIntrinsicMat type_id="opencv-matrix">
  <rows>3</rows>
  <cols>3</cols>
  <dt>d</dt>
  <data>
    2.1411381292169145e+02 0. 1.5365723039012278e+02 0.
    2.1473866879510066e+02 1.4278532980850716e+02 0. 0. 1.</data></leftIntrinsicMat>
<leftDistCoeffs type_id="opencv-matrix">
  <rows>1</rows>
  <cols>5</cols>
  <dt>d</dt>
  <data>
    -4.3923730357473245e-01 3.5556583724138541e-01
    -1.4466941144676971e-03 -1.1580069771081297e-03
    -2.1812221595936790e-01</data></leftDistCoeffs>
<rightIntrinsicMat type_id="opencv-matrix">
  <rows>3</rows>
  <cols>3</cols>
  <dt>d</dt>
  <data>
    3.8082707023861116e+02 0. 3.2366715607120290e+02 0.
    3.8206922334986535e+02 2.5018853251906893e+02 0. 0. 1.</data></rightIntrinsicMat>
<rightDistCoeffs type_id="opencv-matrix">
  <rows>1</rows>
  <cols>5</cols>
  <dt>d</dt>
  <data>
    2.6127983946051753e-03 1.4836448676083123e-03 4.3493137134964629e-03
    4.5846114739843428e-03 2.5019055497717841e-03</data></rightDistCoeffs>
<R type_id="opencv-matrix">
  <rows>3</rows>
  <cols>3</cols>
  <dt>d</dt>
  <data>
    9.9964128265200947e-01 2.2184868087953932e-02 1.5004587490676562e-02
    -2.2097695467811110e-02 9.9973810560106469e-01
    -5.9508036605381669e-03 -1.5132675667480774e-02
    5.6171021990415407e-03 9.9986971665813962e-01</data></R>
<T type_id="opencv-matrix">
  <rows>3</rows>
  <cols>1</cols>
  <dt>d</dt>
  <data>
    -7.3106168008105541e+01 -2.3811778916803004e+00
    6.5359056361562358e+00</data></T>
<E type_id="opencv-matrix">
  <rows>3</rows>
  <cols>3</cols>
  <dt>d</dt>
  <data>
    1.8046204509550440e-01 -6.5475692386498237e+00
    -2.3419737726824374e+00 5.4272691636606973e+00
    5.5564302145527067e-01 7.3194712060175348e+01 3.9958015593236547e+00
    -7.3034195794755718e+01 4.7076904419713456e-01</data></E>
<F type_id="opencv-matrix">
  <rows>3</rows>
  <cols>3</cols>
  <dt>d</dt>
  <data>
    -3.8726691442652857e-06 1.4010029479604434e-04
    -8.6482378295818507e-03 -1.1608915163596143e-04
    -1.1850606287063111e-05 -3.1569363383380677e-01
    -2.3578626679406660e-03 5.5275062421252796e-01 1.</data></F>
</opencv_storage>
